0 0 0 0 1 3 5 7 9 12 13 16 17 18 19 21 22 24 26 27 29 30 31 32 34 36 37
0 0 0 2 4 5 6 8 9 20 21 24 26
0 0 0 0 1 3 5 7 8 10 12 13 14
0 0 0 2 4 5 6 8 9 20 21 24 26 28 29 30 31 32 33
0 0 0 0 1 8 9 11 11 1000 1002 1003
1000000 999999 999998 1000000 0 0 0 +
0 0 0 0 +
5 5 5 6 6 6 6 0 0 0
0 0 0 0 1 2 7 9 11 12 14 +
0 0 0 1 3 4 7 10 13 20 +

0 0 0 1 2 6 7 9 10 12 13 14 15 20
0 0 0 0 2 3 5 6 10 11
0 0 0 1 3 4 7 10 13 16 17 24 +
0 0 0 0 2 3 5 6
0 0 0 0 2 3 5 6 8 9 20
0 0 0 0 2 3 5 6 +
1000000 999999 999998 1000000 0 0 0 +
5 5 5 6 6 6 6 0 0 0
5 5 5 5 5 5 6 6 6 6 6 +
1 1 1 1 1 2 3 +
5 5 5 6 6 7 7 7 8 8 8 +
10 9 8 1 1 2 4 3 +
1 3 2 8 10 +

0 0 3 6 7 11 12 16 17 18 19 20

[3, 4, 8, 12, 17, 18, 19]

1 2 3 4
7 8 9 10 11 12
14 15 16 17 18 19 20

-> [12, 13, 14, 17, 18, 19]

**--

*-*--*---*---*-*-*********


0 0 3 4 7
0 0 0 0 3 7 8 10

0 0 0 1 2 4 5 8 11 20 +
9 1 3 6 3 8 6 9 9 9 0 0 0
 2 10 12 15